9 9 9 9 9 9 9 9 -12.19231897 9 9 9 9 9 9 9 0.009895651568 0.01651638171 0.009952136641 0.004762802777 0.001964047374 0.0006931318491 0.0001909040299 0.00002306252242 -0.00001803476378 -0.00001932464115 -0.00001237045012 -6.376102954e-6 -2.796361951e-6 -1.027911667e-6 -2.814915912e-7 -2.070873372e-8 4.286810728e-8 4.136487888e-8 2.633565732e-8 1.37065938e-8 6.077321826e-9 2.243246382e-9 5.996160086e-10 2.074931644e-11 -1.171374086e-10 -1.076754747e-10 -6.818872066e-11 -3.558309365e-11 -1.582933704e-11 -5.835711357e-12 -1.525184551e-12 -5.11989506e-15 3.490171728e-13 3.119319625e-13 1.967516907e-13 1.027538523e-13 4.576100986e-14 1.683121757e-14 4.315835829e-15 -9.50058182e-17 -1.103238448e-15 -9.680736971e-16 -6.087839775e-16 -3.17994728e-16 -1.416578868e-16 -5.197664464e-17 -1.311657869e-17 5.633129523e-19 3.64044052e-18 3.153301782e-18 1.978428174e-18 1.033354945e-18 4.60306527e-19 1.685143217e-19 4.195757612e-20 -2.537751607e-21 -1.2411467e-20 -1.064796753e-20 -6.668352389e-21 -3.4823965e-21 -1.550922679e-21 -5.66636011e-22 -1.39481474e-22 1.05133931e-23 4.341467962e-23 3.6970597e-23 2.311872485e-23 1.207088332e-23 5.37452322e-24 1.960097457e-24 4.777860589e-25 -4.212643406e-26 -1.550401209e-25
9 9 9 9 9 9 9 9 9 -2.739989054 9 9 9 9 9 -0.07345167721 -0.00890795215 0.002414443015 0.003013066163 0.001862063391 0.0009147039347 0.0003838333076 0.00013627337 0.00003683892192 3.476126029e-6 -4.470415995e-6 -4.420227747e-6 -2.782223882e-6 -1.424181241e-6 -6.210612188e-7 -2.260674059e-7 -6.014531885e-8 -2.771306728e-9 1.070950052e-8 9.867668522e-9 6.19611226e-9 3.20032696e-9 1.409173914e-9 5.147388255e-10 1.33781546e-10 1.095586879e-12 -2.940524972e-11 -2.61724341e-11 -1.639002004e-11 -8.494421147e-12 -3.754245936e-12 -1.370650168e-12 -3.490045522e-13 7.53919741e-15 8.790482271e-14 7.66458568e-14 4.78955214e-14 2.486287222e-14 1.100728606e-14 4.012841315e-15 1.004511244e-15 -4.569249443e-17 -2.785397702e-16 -2.395674646e-16 -1.494572349e-16 -7.76509382e-17 -3.440699195e-17 -1.252317078e-17 -3.090843369e-18 2.009457424e-19 9.208224419e-19 7.842980324e-19 4.886653168e-19 2.540142888e-19 1.126026392e-19 4.092051272e-20 9.980853353e-21 -8.109789787e-22 -3.14400821e-21 -2.65844295e-21 -1.654621158e-21 -8.603541625e-22 -3.814729942e-22 -1.384333952e-22 -3.342919048e-23 3.174499145e-24 1.101069704e-23 9.257626182e-24 5.757048626e-24 2.994061948e-24 1.327676941e-24 4.811907866e-25 1.152102424e-25 -1.229100621e-26
9 9 9 9 9 9 9 9 9 9 -0.6171382871 9 9 9 -0.134236319 -0.03563719612 -0.00854503961 -0.00102195864 0.0005874576345 0.0006198031712 0.0003791701018 0.0001869448394 0.00007867586448 0.00002781159431 7.304148687e-6 4.603801012e-7 -1.106541039e-6 -1.024874905e-6 -6.344847134e-7 -3.222177321e-7 -1.395422704e-7 -5.022378732e-8 -1.293665254e-8 -1.9714252e-10 2.673218373e-9 2.36551044e-9 1.465866976e-9 7.513164722e-10 3.284407697e-10 1.186578945e-10 2.992030793e-11 -6.24369731e-13 -7.377497517e-12 -6.377396711e-12 -3.951139688e-12 -2.033876923e-12 -8.929797926e-13 -3.227700073e-13 -7.994154399e-14 3.894460537e-15 2.213118081e-14 1.886064656e-14 1.168049449e-14 6.027299951e-15 2.65260374e-15 9.583349998e-16 2.338964652e-16 -1.654895098e-17 -7.030322122e-17 -5.934277414e-17 -3.67370108e-17 -1.898615363e-17 -8.367821674e-18 -3.020821441e-18 -7.284378981e-19 6.453391048e-20 2.328621775e-19 1.9520687e-19 1.208056754e-19 6.24996777e-20 2.757155711e-20 9.945248309e-21 2.374258168e-21 -2.452969032e-22 -7.96277086e-22 -6.64064015e-22 -4.108364632e-22 -2.127101804e-22 -9.389724624e-23 -3.384236367e-23 -8.011412643e-24 9.266382039e-25 2.792079465e-24 2.31906929e-24 1.434375281e-24 7.430683095e-25 3.281661421e-25 1.181898757e-25 2.777839231e-26
9 9 9 9 9 9 9 9 9 9 9 -0.1393178337 9 -0.1276073386 -0.0478165336 -0.0172130541 -0.005466354358 -0.001354889893 -0.0001204036589 0.0001426148431 0.0001341691063 0.00008067131935 0.00003961017951 0.00001661397665 5.816325872e-6 1.47287182e-6 3.88663584e-8 -2.735570917e-7 -2.399479779e-7 -1.462058815e-7 -7.362534796e-8 -3.163912298e-8 -1.124716088e-8 -2.795067619e-9 5.43985746e-11 6.667541632e-10 5.692961539e-10 3.483760766e-10 1.771878669e-10 7.688537526e-11 2.745949329e-11 6.702159938e-12 -3.548643234e-13 -1.849982279e-12 -1.557229861e-12 -9.5491687e-13 -4.882594414e-13 -2.129468808e-13 -7.618219324e-14 -1.832134175e-14 1.433902562e-15 5.569729926e-15 4.647114576e-15 2.853156585e-15 1.463631984e-15 6.403125725e-16 2.292107746e-16 5.447016218e-17 -5.339074721e-18 -1.773955123e-17 -1.47124531e-17 -9.040127669e-18 -4.647747694e-18 -2.037473276e-18 -7.294510118e-19 -1.716705353e-19 1.95431215e-20 5.887443209e-20 4.861608467e-20 2.988938888e-20 1.539139665e-20 6.757033921e-21 2.41897871e-21 5.647290352e-22 -7.160276724e-23 -2.016362041e-22 -1.659575528e-22 -1.020727363e-22 -5.262503868e-23 -2.312790523e-23 -8.278359652e-24 -1.919676234e-24 2.641104877e-25 7.07910379e-25 5.811483851e-25 3.575512675e-25 1.845137102e-25 8.11577755e-26 2.904376179e-26
9 9 9 9 9 9 9 9 9 9 9 9 -0.03152416283 -0.03333127451 -0.01776080521 -0.007795864431 -0.002978886253 -0.0009684473951 -0.0002342506939 -0.00001079012577 0.0000345606247 0.00002987367177 0.0000176313718 8.593328161e-6 3.580695187e-6 1.237435521e-6 3.00131334e-7 -4.94078931e-9 -6.755550367e-8 -5.65851339e-8 -3.396289377e-8 -1.695545223e-8 -7.226383107e-9 -2.534924632e-9 -6.055677241e-10 3.554976279e-11 1.661868513e-10 1.374507768e-10 8.31112677e-11 4.19498842e-11 1.806571172e-11 6.375783786e-12 1.502502995e-12 -1.329998695e-13 -4.636804942e-13 -3.809213727e-13 -2.312977924e-13 -1.174844419e-13 -5.089602832e-14 -1.801732549e-14 -4.199601121e-15 4.643763627e-16 1.401240293e-15 1.146307046e-15 6.979412098e-16 3.559641094e-16 1.548003702e-16 5.489598237e-17 1.268385044e-17 -1.617491992e-18 -4.475003076e-18 -3.650405616e-18 -2.226826397e-18 -1.138993376e-18 -4.966436455e-19 -1.763146393e-19 -4.044962451e-20 5.700973881e-21 1.488210402e-20 1.211476487e-20 7.400669069e-21 3.79342823e-21 1.657319947e-21 5.887959135e-22 1.342930485e-22 -2.03884815e-23 -5.105052667e-23 -4.149266742e-23 -2.537474531e-23 -1.302780236e-23 -5.700303542e-24 -2.026163713e-24 -4.598816453e-25 7.395742701e-26 1.794605802e-25 1.456826873e-25 8.916893156e-26 4.584030217e-26 2.008116133e-26
9 9 9 9 9 9 9 9 9 9 9 0.1392498565 0.00967218107 -0.007149904593 -0.006027959057 -0.003255679055 -0.001457981706 -0.000563970675 -0.0001828573058 -0.00004216003868 3.715316e-7 8.36362469e-6 6.76991464e-6 3.924032984e-6 1.895644475e-6 7.832926985e-7 2.666174062e-7 6.152459455e-8 -4.11494783e-9 -1.666750694e-8 -1.341823446e-8 -7.940120529e-9 -3.929680231e-9 -1.660470576e-9 -5.743446213e-10 -1.313689267e-10 1.357937893e-11 4.139602567e-11 3.327424566e-11 1.989203002e-11 9.965028674e-12 4.258688015e-12 1.484623894e-12 3.368722721e-13 -4.317339725e-14 -1.161663763e-13 -9.33227719e-14 -5.613385813e-14 -2.832714555e-14 -1.218925832e-14 -4.268789747e-15 -9.623967548e-16 1.405579694e-16 3.524121444e-16 2.830452552e-16 1.709532524e-16 8.669315169e-17 3.747609296e-17 1.316369915e-17 2.952514132e-18 -4.710830858e-19 -1.1285906e-18 -9.063644067e-19 -5.4903728e-19 -2.794061343e-19 -1.211815828e-19 -4.265471834e-20 -9.527451422e-21 1.620603584e-21 3.761116119e-21 3.020452402e-21 1.833708464e-21 9.35653787e-22 4.068084643e-22 1.434137838e-22 3.19239965e-23 -5.700391785e-24 -1.292298817e-23 -1.037813544e-23 -6.311444666e-24 -3.227061474e-24 -1.405790702e-24 -4.961746509e-25 -1.101351413e-25 2.043006369e-26 4.548858848e-26 3.65314047e-26 2.224727194e-26 1.13939248e-26
9 9 9 9 9 9 9 9 9 9 0.3352041061 0.07053295417 0.01301092068 0.000222063873 -0.001625531992 -0.001214020777 -0.0006469124796 -0.0002897804094 -0.0001119392137 -0.00003581345287 -7.735845221e-6 6.09495043e-7 2.021830972e-6 1.552657493e-6 8.847771551e-7 4.233888599e-7 1.733017767e-7 5.800248671e-8 1.264259235e-8 -1.603399424e-9 -4.109004256e-9 -3.19585427e-9 -1.865980516e-9 -9.155697103e-10 -3.834693146e-10 -1.307022291e-10 -2.849708173e-11 4.405653749e-12 1.030578646e-11 8.073023958e-12 4.774280087e-12 2.374046431e-12 1.006773882e-12 3.465592071e-13 7.548716832e-14 -1.302831885e-14 -2.909186899e-14 -2.289406325e-14 -1.364677541e-14 -6.842660515e-15 -2.924581462e-15 -1.013007299e-15 -2.204075469e-16 4.081147511e-17 8.860521942e-17 6.995187082e-17 4.192256233e-17 2.114048807e-17 9.084242692e-18 3.160081522e-18 6.868752346e-19 -1.335552913e-19 -2.845632505e-19 -2.2518614e-19 -1.354840753e-19 -6.860474389e-20 -2.959606057e-20 -1.032764678e-20 -2.242898076e-21 4.520716962e-22 9.503613929e-22 7.534186083e-22 4.546430683e-22 2.309430167e-22 9.992758295e-23 3.495341836e-23 7.585416374e-24 -1.571645662e-24 -3.270846586e-24 -2.59673863e-24 -1.570638178e-24 -7.998084754e-25 -3.468886587e-25 -1.215654945e-25 -2.636509082e-26 5.58315987e-27 1.152874057e-26 9.163328014e-27 5.552866356e-27
9 9 9 9 9 9 9 9 9 0.490385982 0.1295177022 0.03665949233 0.009357378039 0.001668965366 -0.0001511503939 -0.0003704601017 -0.0002557915948 -0.0001340098956 -0.00005966919002 -0.00002288647461 -7.182574509e-6 -1.428605308e-6 2.422451789e-7 4.883740067e-7 3.591692378e-7 2.014602898e-7 9.547587986e-8 3.868702051e-8 1.271414198e-8 2.596085164e-9 -5.168229392e-10 -1.012306623e-9 -7.638400574e-10 -4.404140617e-10 -2.142669182e-10 -8.893964424e-11 -2.985304394e-11 -6.173375936e-12 1.320577526e-12 2.564416678e-12 1.962395258e-12 1.148649731e-12 5.670354221e-13 2.386058862e-13 8.107390624e-14 1.689454004e-14 -3.762673735e-15 -7.282876635e-15 -5.623023732e-15 -3.32282023e-15 -1.655649401e-15 -7.028598952e-16 -2.407369734e-16 -5.042607471e-17 1.15222862e-17 2.227135732e-17 1.730179811e-17 1.029163205e-17 5.161206542e-18 2.204608713e-18 7.593791313e-19 1.596605372e-19 -3.713330423e-20 -7.173435173e-20 -5.597998744e-20 -3.345929977e-20 -1.685958976e-20 -7.23452277e-21 -2.502444832e-21 -5.276400094e-22 1.243103753e-22 2.400961326e-22 1.880144396e-22 1.12790537e-22 5.704069315e-23 2.45625673e-23 8.523969304e-24 1.801302164e-24 -4.285703158e-25 -8.277434895e-25 -6.499601196e-25 -3.910482743e-25 -1.983324724e-25 -8.564322026e-26 -2.979809248e-26 -6.308363826e-27 1.512523144e-27 2.921523714e-27 2.299113048e-27
-12.19231897 9 9 9 9 9 9 9 0.5493058363 0.1656812027 0.05557217058 0.01832540088 0.005606899381 0.001451425457 0.0002252990039 -0.0000614166107 -0.00008463458345 -0.0000552744842 -0.00002848614109 -0.00001257783019 -4.776249983e-6 -1.464438009e-6 -2.627893894e-7 7.64752334e-8 1.179006597e-7 8.362358126e-8 4.622395359e-8 2.16962339e-8 8.699203332e-9 2.803884018e-9 5.310840451e-10 -1.527982312e-10 -2.492580814e-10 -1.830939586e-10 -1.043268256e-10 -5.033508078e-11 -2.070458275e-11 -6.839952244e-12 -1.333762463e-12 3.779152732e-13 6.37842476e-13 4.777981532e-13 2.769426277e-13 1.357427209e-13 5.667689674e-14 1.900264912e-14 3.773801465e-15 -1.055491901e-15 -1.822604793e-15 -1.382515358e-15 -8.101946085e-16 -4.012049324e-16 -1.691721338e-16 -5.728363282e-17 -1.152003454e-17 3.188425804e-18 5.596613856e-18 4.2825013e-18 2.528988968e-18 1.26140268e-18 5.356047803e-19 1.826506497e-19 3.707068117e-20 -1.017374661e-20 -1.807956528e-20 -1.392370272e-20 -8.269176601e-21 -4.14656942e-21 -1.769863565e-21 -6.067783167e-22 -1.24017406e-22 3.380061126e-23 6.064706328e-23 4.693784717e-23 2.799750999e-23 1.40972966e-23 6.041395745e-24 2.079847734e-24 4.274475857e-25 -1.158331658e-25 -2.094460131e-25 -1.627363566e-25 -9.740456183e-26 -4.920602969e-26 -2.115520399e-26 -7.307297765e-27 -1.508506688e-27 4.068161287e-28 7.402656892e-28
9 -2.739989054 9 9 9 9 9 0.490385982 0.1656812027 0.06278191161 0.02385525003 0.008782129349 0.003043475348 0.0009504757511 0.0002409089253 0.00002927633807 -0.00001812482828 -0.0000193830592 -0.00001214157155 -6.163706985e-6 -2.696355281e-6 -1.012022291e-6 -3.021770131e-7 -4.762975569e-8 2.195515318e-8 2.84532893e-8 1.956824256e-8 1.067137273e-8 4.961537707e-9 1.967949378e-9 6.213985931e-10 1.07870118e-10 -4.302508976e-11 -6.134536407e-11 -4.399453258e-11 -2.479048747e-11 -1.186371251e-11 -4.835531777e-12 -1.571385034e-12 -2.869656358e-13 1.049370629e-13 1.585900906e-13 1.16498092e-13 6.689713243e-14 3.256140735e-14 1.34899074e-14 4.461501025e-15 8.406950816e-16 -2.900413378e-16 -4.559892738e-16 -3.402312545e-16 -1.97795867e-16 -9.735603039e-17 -4.077468569e-17 -1.364655958e-17 -2.626819977e-18 8.691377663e-19 1.406057141e-18 1.060691336e-18 6.220157495e-19 3.085942328e-19 1.302548635e-19 4.39695946e-20 8.595233772e-21 -2.755651221e-21 -4.555829558e-21 -3.464889008e-21 -2.045043455e-21 -1.020604875e-21 -4.333127949e-22 -1.472233651e-22 -2.911794787e-23 9.107946902e-24 1.531681588e-23 1.172246355e-23 6.95337143e-24 3.486119614e-24 1.486834135e-24 5.077414958e-25 1.013466356e-25 -3.107936141e-26 -5.298987953e-26 -4.075799164e-26 -2.42723543e-26 -1.221372731e-26 -5.228194483e-27 -1.79268568e-27 -3.604770451e-28 1.087618193e-28
9 9 -0.6171382871 9 9 9 0.3352041061 0.1295177022 0.05557217058 0.02385525003 0.009996595736 0.004030312523 0.001539738857 0.0005447063646 0.0001704280918 0.00004149587578 3.20852556e-6 -4.822398743e-6 -4.450102101e-6 -2.698308707e-6 -1.351306357e-6 -5.855006476e-7 -2.169801186e-7 -6.291265572e-8 -8.383844531e-9 5.992539077e-9 6.865506093e-9 4.597771703e-9 2.476201707e-9 1.14065152e-9 4.474783268e-10 1.382737086e-10 2.166411275e-11 -1.174652072e-11 -1.509246938e-11 -1.059307727e-11 -5.906781914e-12 -2.804345235e-12 -1.132573711e-12 -3.618415518e-13 -6.138118123e-14 2.853220936e-14 3.941839056e-14 2.844028094e-14 1.618670389e-14 7.825065611e-15 3.216667372e-15 1.049059807e-15 1.866162004e-16 -7.849296374e-17 -1.140520002e-16 -8.379985536e-17 -4.834410747e-17 -2.365411396e-17 -9.84020818e-18 -3.254418852e-18 -5.975402352e-19 2.341807741e-19 3.53173728e-19 2.628699063e-19 1.531149287e-19 7.556538954e-20 3.170665865e-20 1.05930877e-20 1.989492837e-21 -7.395995822e-22 -1.147814342e-21 -8.62618829e-22 -5.060772668e-22 -2.513807033e-22 -1.061635169e-22 -3.574246893e-23 -6.827819292e-24 2.436174646e-24 3.867807033e-24 2.928647221e-24 1.727773908e-24 8.62561316e-25 3.661293855e-25 1.240112643e-25 2.400506726e-26 -8.288265625e-27 -1.340483373e-26 -1.021087858e-26 -6.050875094e-27 -3.033005685e-27 -1.292666335e-27 -4.399670981e-28 -8.607202373e-29
9 9 9 -0.1393178337 9 0.1392498565 0.07053295417 0.03665949233 0.01832540088 0.008782129349 0.004030312523 0.001765823203 0.0007339546719 0.0002859805094 0.0001020771021 0.00003169939988 7.302011751e-6 1.50447364e-7 -1.223326651e-6 -1.024220639e-6 -6.050276012e-7 -2.993066451e-7 -1.284479943e-7 -4.696690733e-8 -1.318757563e-8 -1.399261882e-9 1.586314948e-9 1.656540331e-9 1.083971413e-9 5.770637849e-10 2.634308183e-10 1.022001442e-10 3.08723758e-11 4.278347582e-12 -3.140128208e-12 -3.71210308e-12 -2.555202894e-12 -1.4107588e-12 -6.646055316e-13 -2.660061307e-13 -8.348887485e-14 -1.302518463e-14 7.639516431e-15 9.794965455e-15 6.950797866e-15 3.922549502e-15 1.883634651e-15 7.683025198e-16 2.470028809e-16 4.123564122e-17 -2.099493693e-17 -2.852004622e-17 -2.065570617e-17 -1.182841966e-17 -5.753828194e-18 -2.377554513e-18 -7.768548668e-19 -1.355264843e-19 6.251885316e-20 8.869314224e-20 6.518248972e-20 3.771977751e-20 1.851960655e-20 7.724811946e-21 2.553906023e-21 4.595521231e-22 -1.970292809e-22 -2.891387637e-22 -2.148473164e-22 -1.253106556e-22 -6.195754406e-23 -2.602815709e-23 -8.682311412e-24 -1.59862991e-24 6.476292352e-25 9.765688241e-25 7.319099138e-25 4.295180509e-25 2.135335416e-25 9.020713838e-26 3.030219517e-26 5.679308887e-27 -2.198948739e-27 -3.390632059e-27 -2.558752442e-27 -1.508999362e-27 -7.535011847e-28 -3.197511253e-28 -1.080178344e-28
9 9 9 9 -0.03152416283 0.00967218107 0.01301092068 0.009357378039 0.005606899381 0.003043475348 0.001539738857 0.0007339546719 0.0003304465029 0.0001399961357 0.00005519113885 0.00001975594518 6.05385783e-6 1.299519516e-6 -6.81128294e-8 -3.024657581e-7 -2.363160358e-7 -1.36637057e-7 -6.684979739e-8 -2.841874796e-8 -1.02474706e-8 -2.778685872e-9 -2.106175122e-10 4.115625897e-10 3.997399458e-10 2.562992935e-10 1.349825902e-10 6.108096044e-11 2.343246142e-11 6.912278613e-12 8.240604047e-13 -8.268384329e-13 -9.128291856e-13 -6.1733091e-13 -3.376598142e-13 -1.578724742e-13 -6.259522082e-14 -1.929754715e-14 -2.734625849e-15 2.021776067e-15 2.433367075e-15 1.70047426e-15 9.51869657e-16 4.541174873e-16 1.837919375e-16 5.822718817e-17 9.058957776e-18 -5.564102666e-18 -7.130315893e-18 -5.094920441e-18 -2.896883049e-18 -1.401124913e-18 -5.75087142e-19 -1.856033757e-19 -3.0627902e-20 1.656629639e-20 2.226973597e-20 1.617120228e-20 9.298922377e-21 4.54246598e-21 1.883573766e-21 6.161336734e-22 1.058925951e-22 -5.216558412e-23 -7.282451676e-23 -5.353154434e-23 -3.104561906e-23 -1.528016911e-23 -6.385427094e-24 -2.110147077e-24 -3.736365636e-25 1.712746948e-25 2.465396011e-25 1.829705114e-25 1.068237305e-25 5.28882316e-26 2.223668571e-26 7.407466942e-27 1.341876501e-27 -5.808309361e-28 -8.575384737e-28 -6.413596952e-28 -3.764577323e-28 -1.872715325e-28 -7.91261772e-29
9 9 9 -0.1276073386 -0.03333127451 -0.007149904593 0.000222063873 0.001668965366 0.001451425457 0.0009504757511 0.0005447063646 0.0002859805094 0.0001399961357 0.00006425677267 0.00002758696267 0.00001095531262 3.91840975e-6 1.179915042e-6 2.320478105e-7 -3.4336434e-8 -7.36684916e-8 -5.465963651e-8 -3.10433754e-8 -1.50359953e-8 -6.333022106e-9 -2.251099045e-9 -5.877691238e-10 -2.462165651e-11 1.053038534e-10 9.648243033e-11 6.075423275e-11 3.167755776e-11 1.421264365e-11 5.391210984e-12 1.551297103e-12 1.527569619e-13 -2.152809754e-13 -2.244405807e-13 -1.493558732e-13 -8.097204452e-14 -3.758043262e-14 -1.476379489e-14 -4.467292222e-15 -5.659411357e-16 5.302280232e-16 6.044066758e-16 4.163899408e-16 2.31278385e-16 1.096353988e-16 4.402896929e-17 1.374101671e-17 1.975617e-18 -1.463698101e-18 -1.782338e-18 -1.257508859e-18 -7.101095725e-19 -3.415345917e-19 -1.392459985e-19 -4.437913621e-20 -6.89137602e-21 4.362806911e-21 5.590790112e-21 4.013822957e-21 2.293975372e-21 1.115015971e-21 4.596370937e-22 1.487347981e-22 2.432989603e-23 -1.373997898e-23 -1.833959411e-23 -1.33428138e-23 -7.695551386e-24 -3.770676159e-24 -1.567474701e-24 -5.130996041e-25 -8.714926594e-26 4.509618604e-26 6.223292192e-26 4.575417806e-26 2.657882263e-26 1.310564056e-26 5.484172605e-27 1.811493039e-27 3.165715222e-28 -1.528369109e-28 -2.16861861e-28 -1.607967872e-28 -9.394899288e-29 -4.656169875e-29
9 9 -0.134236319 -0.0478165336 -0.01776080521 -0.006027959057 -0.001625531992 -0.0001511503939 0.0002252990039 0.0002409089253 0.0001704280918 0.0001020771021 0.00005519113885 0.00002758696267 0.00001285198443 5.57244983e-6 2.223089052e-6 7.926302045e-7 2.337829767e-7 4.12586908e-8 -1.140753276e-8 -1.777806961e-8 -1.267387662e-8 -7.089541442e-9 -3.402460214e-9 -1.420174626e-9 -4.9745472e-10 -1.246828946e-10 -4.7604792e-13 2.667516997e-11 2.329466778e-11 1.443386673e-11 7.455773224e-12 3.317556718e-12 1.244253706e-12 3.488383736e-13 2.658650008e-14 -5.557090342e-14 -5.518045748e-14 -3.618118985e-14 -1.945122776e-14 -8.963028926e-15 -3.48893904e-15 -1.035556438e-15 -1.148378408e-16 1.380558158e-16 1.501028465e-16 1.020451278e-16 5.625982218e-17 2.650330605e-17 1.056149208e-17 3.245885806e-18 4.26863314e-19 -3.82712161e-19 -4.454561882e-19 -3.105563323e-19 -1.742140418e-19 -8.333022185e-20 -3.37481832e-20 -1.061914984e-20 -1.542348509e-21 1.143069015e-21 1.403365007e-21 9.9670095e-22 5.66264135e-22 2.73893222e-22 1.122448197e-22 3.592506983e-23 5.570976131e-24 -3.603091469e-24 -4.617941887e-24 -3.326849785e-24 -1.908506661e-24 -9.310098315e-25 -3.850013291e-25 -1.248212545e-25 -2.027923288e-26 1.182857691e-26 1.570750223e-26 1.1444553e-26 6.615706719e-27 3.249032981e-27 1.35318038e-27 4.431656146e-28 7.455582537e-29 -4.008332714e-29 -5.483680943e-29 -4.032274039e-29 -2.345361949e-29
9 -0.07345167721 -0.03563719612 -0.0172130541 -0.007795864431 -0.003255679055 -0.001214020777 -0.0003704601017 -0.0000614166107 0.00002927633807 0.00004149587578 0.00003169939988 0.00001975594518 0.00001095531262 5.57244983e-6 2.62780462e-6 1.148184626e-6 4.593465828e-7 1.629971009e-7 4.696412694e-8 7.23996399e-9 -3.303961822e-9 -4.265684331e-9 -2.945892719e-9 -1.626532137e-9 -7.740640773e-10 -3.20253645e-10 -1.105120132e-10 -2.649955038e-11 1.036717433e-12 6.707501008e-12 5.626476715e-12 3.436197839e-12 1.759460848e-12 7.766221265e-13 2.879810307e-13 7.857150572e-14 4.109381366e-15 -1.424828257e-14 -1.356628433e-14 -8.775121553e-15 -4.680077926e-15 -2.14151349e-15 -8.259744204e-16 -2.403373742e-16 -2.265983702e-17 3.573596471e-17 3.727348666e-17 2.502758399e-17 1.370032914e-17 6.414722042e-18 2.5365851e-18 7.674162248e-19 9.113514613e-20 -9.95647814e-20 -1.113178234e-19 -7.673754336e-20 -4.277411393e-20 -2.03496015e-20 -8.186770995e-21 -2.542684514e-21 -3.429547808e-22 2.981879289e-22 3.522203543e-22 2.475998237e-22 1.398645623e-22 6.732488424e-23 2.742940304e-23 8.681852186e-24 1.270481065e-24 -9.412909557e-25 -1.162676257e-24 -8.29771519e-25 -4.735336599e-25 -2.299965848e-25 -9.461571802e-26 -3.037811268e-26 -4.705999681e-27 3.092344497e-27 3.964159671e-27 2.863380169e-27 1.647331264e-27 8.058197209e-28 3.340373096e-28 1.084546207e-28 1.7524202e-29 -1.048172867e-29 -1.386511066e-29 -1.01138118e-29
0.009895651568 -0.00890795215 -0.00854503961 -0.005466354358 -0.002978886253 -0.001457981706 -0.0006469124796 -0.0002557915948 -0.00008463458345 -0.00001812482828 3.20852556e-6 7.302011751e-6 6.05385783e-6 3.91840975e-6 2.223089052e-6 1.148184626e-6 5.470772788e-7 2.405261508e-7 9.637776514e-8 3.399763664e-8 9.547569163e-9 1.23837833e-9 -8.95519238e-10 -1.019874307e-9 -6.863952132e-10 -3.74722422e-10 -1.769487282e-10 -7.258158259e-11 -2.466840003e-11 -5.638143644e-12 4.9509822e-13 1.677251232e-12 1.359644318e-12 8.195743949e-13 4.162124181e-13 1.822850695e-13 6.682786669e-14 1.772109197e-14 4.706980195e-16 -3.633656327e-15 -3.33544221e-15 -2.130568868e-15 -1.127720815e-15 -5.125134719e-16 -1.958684185e-16 -5.583663151e-17 -4.287941679e-18 9.205953141e-18 9.255014606e-18 6.142673919e-18 3.339656605e-18 1.554358515e-18 6.099280588e-19 1.815823312e-19 1.915508072e-20 -2.579302994e-20 -2.781486678e-20 -1.897136625e-20 -1.050990034e-20 -4.973627401e-21 -1.987687934e-21 -6.092059211e-22 -7.565143511e-23 7.749853162e-23 8.839166057e-23 6.153244788e-23 3.456532054e-23 1.655957487e-23 6.707508064e-24 2.099137035e-24 2.883522935e-25 -2.45104171e-25 -2.927018758e-25 -2.070217032e-25 -1.175441791e-25 -5.684730192e-26 -2.326446592e-26 -7.396170306e-27 -1.088621527e-27 8.060949899e-28 1.000358646e-27 7.16581588e-28 4.103385098e-28 1.999408672e-28 8.249357577e-29 2.655058855e-29 4.109827561e-30 -2.733900085e-30 -3.50541399e-30
0.01651638171 0.002414443015 -0.00102195864 -0.001354889893 -0.0009684473951 -0.000563970675 -0.0002897804094 -0.0001340098956 -0.0000552744842 -0.0000193830592 -4.822398743e-6 1.50447364e-7 1.299519516e-6 1.179915042e-6 7.926302045e-7 4.593465828e-7 2.405261508e-7 1.156429204e-7 5.110499078e-8 2.049214881e-8 7.180364837e-9 1.961516812e-9 2.02271521e-10 -2.337310047e-10 -2.4332686e-10 -1.603144899e-10 -8.66581834e-11 -4.062737697e-11 -1.652544921e-11 -5.530597752e-12 -1.19987786e-12 1.720269649e-13 4.176306617e-13 3.287358317e-13 1.958196039e-13 9.867751546e-14 4.289003904e-14 1.55455599e-14 4.001159041e-15 -4.7992534e-18 -9.226674151e-16 -8.201306565e-16 -5.178207563e-16 -2.721128785e-16 -1.228462342e-16 -4.652018049e-17 -1.298414731e-17 -7.577922115e-19 2.362093267e-18 2.29791368e-18 1.508651186e-18 8.148618073e-19 3.770434892e-19 1.468197723e-19 4.299598612e-20 3.94197683e-21 -6.657955054e-21 -6.949475011e-21 -4.692450907e-21 -2.584151812e-21 -1.216565454e-21 -4.82990084e-22 -1.460433649e-22 -1.652214433e-23 2.007745343e-23 2.218030613e-23 1.529739203e-23 8.546833234e-24 4.075572564e-24 1.64125817e-24 5.077712349e-25 6.507179283e-26 -6.364121745e-26 -7.368059755e-26 -5.166525564e-26 -2.919008514e-26 -1.405757003e-26 -5.723239971e-27 -1.801425345e-27 -2.509019155e-28 2.095929072e-28 2.524203068e-28 1.793715994e-28 1.022476611e-28 4.962926494e-29 2.038094669e-29 6.501842134e-30 9.613963917e-31 -7.114393325e-31
0.009952136641 0.003013066163 0.0005874576345 -0.0001204036589 -0.0002342506939 -0.0001828573058 -0.0001119392137 -0.00005966919002 -0.00002848614109 -0.00001214157155 -4.450102101e-6 -1.223326651e-6 -6.81128294e-8 2.320478105e-7 2.337829767e-7 1.629971009e-7 9.637776514e-8 5.110499078e-8 2.476910009e-8 1.099358633e-8 4.408663578e-9 1.533598536e-9 4.068276432e-10 3.026593773e-11 -5.958499624e-11 -5.798993002e-11 -3.753175742e-11 -2.011141647e-11 -9.365718806e-12 -3.778523414e-12 -1.24497435e-12 -2.552004495e-13 5.288469571e-14 1.036493169e-13 7.952888523e-14 4.686356977e-14 2.344370198e-14 1.011476083e-14 3.624449612e-15 9.041594584e-16 -2.821520922e-17 -2.334621865e-16 -2.0168242e-16 -1.25973588e-16 -6.574439712e-17 -2.948837069e-17 -1.106517915e-17 -3.0217088e-18 -1.17598423e-19 6.040428635e-19 5.705350642e-19 3.707635479e-19 1.989998849e-19 9.155320168e-20 3.537874796e-20 1.018741074e-20 7.875174108e-22 -1.713355561e-21 -1.736194293e-21 -1.161181974e-21 -6.358044702e-22 -2.978006729e-22 -1.174534792e-22 -3.502892508e-23 -3.563033706e-24 5.187018043e-24 5.565308343e-24 3.804363731e-24 2.114413618e-24 1.003649205e-24 4.018417742e-25 1.228789419e-25 1.458367939e-26 -1.648308733e-26 -1.854582201e-26 -1.289735742e-26 -7.251791558e-27 -3.477867703e-27 -1.408643497e-27 -4.389136286e-28 -5.757918035e-29 5.437322318e-29 6.368836304e-29 4.490953888e-29 2.548637082e-29 1.232366832e-29 5.037336584e-30 1.592676246e-30 2.242417422e-31
0.004762802777 0.001862063391 0.0006198031712 0.0001426148431 -0.00001079012577 -0.00004216003868 -0.00003581345287 -0.00002288647461 -0.00001257783019 -6.163706985e-6 -2.698308707e-6 -1.024220639e-6 -3.024657581e-7 -3.4336434e-8 4.12586908e-8 4.696412694e-8 3.399763664e-8 2.049214881e-8 1.099358633e-8 5.367064448e-9 2.391031421e-9 9.58524934e-10 3.30900214e-10 8.511320986e-11 3.70496123e-12 -1.495628659e-11 -1.381465046e-11 -8.807184327e-12 -4.682852866e-12 -2.167159585e-12 -8.67374651e-13 -2.813137892e-13 -5.419781126e-14 1.524294513e-14 2.565958721e-14 1.925211844e-14 1.123280166e-14 5.580619253e-15 2.390502757e-15 8.468509912e-16 2.044408169e-16 -1.302651314e-17 -5.8901483e-17 -4.960493023e-17 -3.067445522e-17 -1.590380221e-17 -7.088261438e-18 -2.63561379e-18 -7.037029932e-19 -1.293463366e-20 1.540312816e-19 1.416558682e-19 9.117317443e-20 4.863973622e-20 2.225226724e-20 8.533565425e-21 2.415203066e-21 1.505110582e-22 -4.397482678e-22 -4.337345599e-22 -2.874688414e-22 -1.565316199e-22 -7.295069671e-23 -2.858355268e-23 -8.40583881e-24 -7.558425527e-25 1.336821403e-24 1.396310905e-24 9.464347497e-25 5.233422563e-25 2.472964584e-25 9.844302691e-26 2.97485796e-26 3.241080443e-27 -4.259692561e-27 -4.667760327e-27 -3.220454007e-27 -1.802285219e-27 -8.608164966e-28 -3.468667915e-28 -1.06975957e-28 -1.314724219e-29 1.40772871e-29 1.606816439e-29 1.124647275e-29 6.354778382e-30 3.061271798e-30 1.245500305e-30 3.90247864e-31
0.001964047374 0.0009147039347 0.0003791701018 0.0001341691063 0.0000345606247 3.715316e-7 -7.735845221e-6 -7.182574509e-6 -4.776249983e-6 -2.696355281e-6 -1.351306357e-6 -6.050276012e-7 -2.363160358e-7 -7.36684916e-8 -1.140753276e-8 7.23996399e-9 9.547569163e-9 7.180364837e-9 4.408663578e-9 2.391031421e-9 1.175044013e-9 5.251852334e-10 2.103988726e-10 7.206671771e-11 1.795036343e-11 1.8905822e-13 -3.714640125e-12 -3.291331246e-12 -2.071429027e-12 -1.093780401e-12 -5.032271216e-13 -1.998483366e-13 -6.379128221e-14 -1.148167102e-14 4.22414734e-15 6.340000208e-15 4.663634094e-15 2.696373188e-15 1.330875703e-15 5.661173667e-16 1.982676249e-16 4.624405793e-17 -4.579847393e-18 -1.48250159e-17 -1.220304458e-17 -7.475655309e-18 -3.851629834e-18 -1.706061512e-18 -6.286108543e-19 -1.639757246e-19 5.46904209e-22 3.918333577e-20 3.517219295e-20 2.243315865e-20 1.189815978e-20 5.413482811e-21 2.060295014e-21 5.728907815e-22 2.67493985e-23 -1.12606844e-22 -1.083519373e-22 -7.119733549e-23 -3.856023456e-23 -1.788264596e-23 -6.961076719e-24 -2.018031421e-24 -1.568397157e-25 3.43798141e-25 3.503093208e-25 2.355257204e-25 1.295935048e-25 6.096597959e-26 2.41299683e-26 7.204650966e-27 7.12838338e-28 -1.098665849e-27 -1.174747535e-27 -8.043462301e-28 -4.480879101e-28 -2.131549761e-28 -8.54513548e-29 -2.608129332e-29 -2.984046075e-30 3.638062713e-30 4.053646388e-30 2.81697673e-30 1.584985872e-30 7.607077677e-31 3.080685013e-31
0.0006931318491 0.0003838333076 0.0001869448394 0.00008067131935 0.00002987367177 8.36362469e-6 6.09495043e-7 -1.428605308e-6 -1.464438009e-6 -1.012022291e-6 -5.855006476e-7 -2.993066451e-7 -1.36637057e-7 -5.465963651e-8 -1.777806961e-8 -3.303961822e-9 1.23837833e-9 1.961516812e-9 1.533598536e-9 9.58524934e-10 5.251852334e-10 2.596665539e-10 1.163899478e-10 4.658675857e-11 1.583110598e-11 3.814287823e-12 -9.3744504e-14 -9.1581893e-13 -7.845293795e-13 -4.882912821e-13 -2.562299362e-13 -1.17238734e-13 -4.620744363e-14 -1.451411003e-14 -2.423525402e-15 1.140376009e-15 1.564164086e-15 1.130515384e-15 6.481748809e-16 3.179482525e-16 1.343262528e-16 4.650865689e-17 1.046195762e-17 -1.438671957e-18 -3.723916957e-18 -3.002710057e-18 -1.823409823e-18 -9.338305892e-19 -4.111418988e-19 -1.501180422e-19 -3.822796194e-20 1.006429905e-21 9.947090241e-21 8.733540986e-21 5.52275217e-21 2.912731613e-21 1.318134654e-21 4.978768562e-22 1.359547754e-22 4.131038529e-24 -2.877777286e-23 -2.706725645e-23 -1.76404851e-23 -9.50443294e-24 -4.38653285e-24 -1.69641816e-24 -4.846764404e-25 -3.155183744e-26 8.825037676e-26 8.788264139e-26 5.862989128e-26 3.210511054e-26 1.503770533e-26 5.917817589e-27 1.745460647e-27 1.547323489e-28 -2.828740611e-28 -2.95636374e-28 -2.009437883e-28 -1.114444094e-28 -5.280329443e-29 -2.10602417e-29 -6.360627492e-30 -6.724555871e-31 9.386811117e-31 1.022590202e-30 7.057259665e-31 3.954377924e-31 1.890961418e-31
0.0001909040299 0.00013627337 0.00007867586448 0.00003961017951 0.0000176313718 6.76991464e-6 2.021830972e-6 2.422451789e-7 -2.627893894e-7 -3.021770131e-7 -2.169801186e-7 -1.284479943e-7 -6.684979739e-8 -3.10433754e-8 -1.267387662e-8 -4.265684331e-9 -8.95519238e-10 2.02271521e-10 4.068276432e-10 3.30900214e-10 2.103988726e-10 1.163899478e-10 5.786919943e-11 2.600454918e-11 1.039685955e-11 3.50558094e-12 8.162628711e-13 -5.04154954e-14 -2.246230135e-13 -1.871398416e-13 -1.15356904e-13 -6.01930748e-14 -2.739894785e-14 -1.071916166e-14 -3.312884722e-15 -5.089784524e-16 3.022412696e-16 3.854657787e-16 2.742479103e-16 1.560246893e-16 7.60853758e-17 3.193146382e-17 1.092988773e-17 2.366682156e-18 -4.249800981e-19 -9.338677979e-19 -7.390396714e-19 -4.45111776e-19 -2.266475054e-19 -9.919910575e-20 -3.589318178e-20 -8.915666517e-21 4.520432954e-22 2.520685427e-21 2.168774694e-21 1.36035249e-21 7.135838038e-22 3.212280814e-22 1.204173659e-22 3.227697456e-23 4.311036221e-25 -7.341574509e-24 -6.761631634e-24 -4.372459384e-24 -2.343969199e-24 -1.07668173e-24 -4.136905204e-25 -1.164497313e-25 -6.059682424e-27 2.261544249e-26 2.204656061e-26 1.459917182e-26 7.957035857e-27 3.711007791e-27 1.452081698e-27 4.230068982e-28 3.301931068e-29 -7.271775169e-29 -7.43965132e-29 -5.021201576e-29 -2.772702336e-29 -1.30858233e-29 -5.19265822e-30 -1.551641036e-30 -1.502251164e-31 2.418419406e-31 2.579507073e-31 1.768364982e-31 9.868572958e-32
0.00002306252242 0.00003683892192 0.00002781159431 0.00001661397665 8.593328161e-6 3.924032984e-6 1.552657493e-6 4.883740067e-7 7.64752334e-8 -4.762975569e-8 -6.291265572e-8 -4.696690733e-8 -2.841874796e-8 -1.50359953e-8 -7.089541442e-9 -2.945892719e-9 -1.019874307e-9 -2.337310047e-10 3.026593773e-11 8.511320986e-11 7.206671771e-11 4.658675857e-11 2.600454918e-11 1.299650728e-11 5.853492824e-12 2.33787848e-12 7.820573434e-13 1.758577414e-13 -1.77577268e-14 -5.489254994e-14 -4.468180486e-14 -2.731148026e-14 -1.417827516e-14 -6.422184126e-15 -2.494456844e-15 -7.584833014e-16 -1.061681981e-16 7.902987733e-17 9.491314524e-17 6.657932777e-17 3.760657601e-17 1.823646419e-17 7.604021594e-18 2.573147127e-18 5.352223761e-19 -1.207914131e-19 -2.338682168e-19 -1.819467051e-19 -1.087407956e-19 -5.506489245e-20 -2.396194982e-20 -8.592088355e-21 -2.079975498e-21 1.59284661e-22 6.377860296e-22 5.3861694e-22 3.352556397e-22 1.749436108e-22 7.834676927e-23 2.914908472e-23 7.665819887e-24 -3.404783287e-26 -1.870048067e-24 -1.689140351e-24 -1.084186772e-24 -5.783728948e-25 -2.644355078e-25 -1.009472472e-25 -2.798813541e-26 -1.077865174e-27 5.786926799e-27 5.530577623e-27 3.636315681e-27 1.972913635e-27 9.162438704e-28 3.564826455e-28 1.025452566e-28 6.886896332e-30 -1.866709392e-29 -1.872110731e-29 -1.254986894e-29 -6.900693155e-30 -3.244217148e-30 -1.280832763e-30 -3.786134213e-31 -3.320124627e-32 6.222588442e-32 6.506593155e-32 4.431880448e-32
-0.00001803476378 3.476126029e-6 7.304148687e-6 5.816325872e-6 3.580695187e-6 1.895644475e-6 8.847771551e-7 3.591692378e-7 1.179006597e-7 2.195515318e-8 -8.383844531e-9 -1.318757563e-8 -1.02474706e-8 -6.333022106e-9 -3.402460214e-9 -1.626532137e-9 -6.863952132e-10 -2.4332686e-10 -5.958499624e-11 3.70496123e-12 1.795036343e-11 1.583110598e-11 1.039685955e-11 5.853492824e-12 2.939493681e-12 1.326628966e-12 5.292272619e-13 1.756620053e-13 3.813051447e-14 -5.42043544e-15 -1.338055055e-14 -1.06798547e-14 -6.479710783e-15 -3.348196235e-15 -1.509575903e-15 -5.822283198e-16 -1.741620214e-16 -2.194471996e-17 2.045495466e-17 2.335644807e-17 1.617591627e-17 9.075882562e-18 4.377709826e-18 1.813859873e-18 6.068049587e-19 1.209726272e-19 -3.344299943e-20 -5.850021661e-20 -4.480763291e-20 -2.658549574e-20 -1.339131855e-20 -5.794506511e-21 -2.059088422e-21 -4.853504485e-22 5.052323358e-23 1.611591195e-22 1.337803562e-22 8.266469436e-23 4.291892364e-23 1.912361958e-23 7.061755641e-24 1.821247212e-24 -4.199317997e-26 -4.756971261e-25 -4.219808516e-25 -2.689309113e-25 -1.427862443e-25 -6.498448686e-26 -2.464794041e-26 -6.728928997e-27 -1.648512389e-28 1.478821689e-27 1.387381613e-27 9.05973478e-28 4.893712558e-28 2.263249781e-28 8.755813287e-29 2.486595263e-29 1.39096675e-30 -4.78588523e-30 -4.710840605e-30 -3.137373667e-30 -1.717996166e-30 -8.046043998e-31 -3.160575561e-31 -9.240761432e-32 -7.239034932e-33 1.599150845e-32 1.641175432e-32
-0.00001932464115 -4.470415995e-6 4.603801012e-7 1.47287182e-6 1.237435521e-6 7.832926985e-7 4.233888599e-7 2.014602898e-7 8.362358126e-8 2.84532893e-8 5.992539077e-9 -1.399261882e-9 -2.778685872e-9 -2.251099045e-9 -1.420174626e-9 -7.740640773e-10 -3.74722422e-10 -1.603144899e-10 -5.798993002e-11 -1.495628659e-11 1.8905822e-13 3.814287823e-12 3.50558094e-12 2.33787848e-12 1.326628966e-12 6.691699201e-13 3.025643927e-13 1.205555375e-13 3.972239523e-14 8.318356216e-15 -1.540649533e-15 -3.256065377e-15 -2.555748703e-15 -1.540474793e-15 -7.926049375e-16 -3.557895369e-16 -1.362876654e-16 -4.010311518e-17 -4.480760037e-18 5.25272609e-18 5.745251478e-18 3.933119105e-18 2.193056377e-18 1.052434382e-18 4.333833245e-19 1.433333701e-19 2.731991431e-20 -9.085837115e-21 -1.461942218e-20 -1.103822746e-20 -6.504548242e-21 -3.259732118e-21 -1.402729597e-21 -4.939981671e-22 -1.132677973e-22 1.511010349e-23 4.067569923e-23 3.323254398e-23 2.039283846e-23 1.05362806e-23 4.671423336e-24 1.712154077e-24 4.328053182e-25 -1.841417402e-26 -1.208590378e-25 -1.05423929e-25 -6.673172265e-26 -3.52679355e-26 -1.59789756e-26 -6.02179284e-27 -1.618231559e-27 -1.614053953e-29 3.774572318e-28 3.480337304e-28 2.25780621e-28 1.214330793e-28 5.59306551e-29 2.151588084e-29 6.031261463e-30 2.676788198e-31 -1.225607116e-30 -1.185376764e-30 -7.844877964e-31 -4.27845921e-31 -1.996244399e-31 -7.802003543e-32 -2.255900186e-32 -1.550886178e-33 4.105192026e-33
-0.00001237045012 -4.420227747e-6 -1.106541039e-6 3.88663584e-8 3.00131334e-7 2.666174062e-7 1.733017767e-7 9.547587986e-8 4.622395359e-8 1.956824256e-8 6.865506093e-9 1.586314948e-9 -2.106175122e-10 -5.877691238e-10 -4.9745472e-10 -3.20253645e-10 -1.769487282e-10 -8.66581834e-11 -3.753175742e-11 -1.381465046e-11 -3.714640125e-12 -9.3744504e-14 8.162628711e-13 7.820573434e-13 5.292272619e-13 3.025643927e-13 1.532483905e-13 6.940791875e-14 2.762207328e-14 9.03589454e-15 1.825336412e-15 -4.199262316e-16 -7.914778287e-16 -6.123713898e-16 -3.669595846e-16 -1.880697187e-16 -8.407099429e-17 -3.198945967e-17 -9.259209163e-18 -8.997483605e-19 1.340572718e-18 1.412887306e-18 9.570789795e-19 5.305520603e-19 2.533738598e-19 1.037106386e-19 3.39103938e-20 6.162896403e-21 -2.433730064e-21 -3.650539511e-21 -2.720153171e-21 -1.592581917e-21 -7.942133861e-22 -3.399221497e-22 -1.186404071e-22 -2.643453521e-23 4.352847875e-24 1.025605742e-23 8.256524801e-24 5.033196353e-24 2.588240749e-24 1.141952901e-24 4.154334379e-25 1.028768638e-25 -6.477758838e-27 -3.067396253e-26 -2.633943477e-26 -1.656430693e-26 -8.715314531e-27 -3.931244028e-27 -1.472049709e-27 -3.89266356e-28 1.981266669e-30 9.624018515e-29 8.730731449e-29 5.628234679e-29 3.014385182e-29 1.382794555e-29 5.289572554e-30 1.463242069e-30 4.751888483e-32 -3.135358106e-31 -2.982693174e-31 -1.961989414e-31 -1.065821331e-31 -4.954495019e-32 -1.92667224e-32 -5.508414256e-33 -3.245160656e-34
-6.376102954e-6 -2.782223882e-6 -1.024874905e-6 -2.735570917e-7 -4.94078931e-9 6.152459455e-8 5.800248671e-8 3.868702051e-8 2.16962339e-8 1.067137273e-8 4.597771703e-9 1.656540331e-9 4.115625897e-10 -2.462165651e-11 -1.246828946e-10 -1.105120132e-10 -7.258158259e-11 -4.062737697e-11 -2.011141647e-11 -8.807184327e-12 -3.291331246e-12 -9.1581893e-13 -5.04154954e-14 1.758577414e-13 1.756620053e-13 1.205555375e-13 6.940791875e-14 3.528974829e-14 1.600773161e-14 6.363027232e-15 2.067122039e-15 4.027946592e-16 -1.114047555e-16 -1.922712604e-16 -1.469196907e-16 -8.758346744e-17 -4.472550983e-17 -1.99141245e-17 -7.528624637e-18 -2.143375614e-18 -1.764846215e-19 3.40458017e-19 3.474216688e-19 2.330773477e-19 1.285037243e-19 6.108380536e-20 2.485597054e-20 8.034960153e-21 1.38821727e-21 -6.447995001e-22 -9.109635543e-22 -6.705640729e-22 -3.902038238e-22 -1.936765551e-22 -8.245538468e-23 -2.852229099e-23 -6.1689382e-24 1.22195107e-24 2.583749456e-24 2.051631124e-24 1.242836795e-24 6.361985937e-25 2.793557165e-25 1.008744268e-25 2.445815841e-26 -2.063838593e-27 -7.777666231e-27 -6.581167257e-27 -4.113024128e-27 -2.154706304e-27 -9.677117717e-28 -3.600507389e-28 -9.365974e-29 1.940797515e-30 2.451479508e-29 2.190218908e-29 1.403361232e-29 7.485470554e-30 3.420192196e-30 1.300994754e-30 3.550759985e-31 7.173543795e-33 -8.013353629e-32 -7.505123161e-32 -4.907897922e-32 -2.655887121e-32 -1.230085626e-32 -4.759563288e-33 -1.345309437e-33
-2.796361951e-6 -1.424181241e-6 -6.344847134e-7 -2.399479779e-7 -6.755550367e-8 -4.11494783e-9 1.264259235e-8 1.271414198e-8 8.699203332e-9 4.961537707e-9 2.476201707e-9 1.083971413e-9 3.997399458e-10 1.053038534e-10 -4.7604792e-13 -2.649955038e-11 -2.466840003e-11 -1.652544921e-11 -9.365718806e-12 -4.682852866e-12 -2.071429027e-12 -7.845293795e-13 -2.246230135e-13 -1.77577268e-14 3.813051447e-14 3.972239523e-14 2.762207328e-14 1.600773161e-14 8.168027525e-15 3.71031399e-15 1.473148668e-15 4.754013861e-16 8.936356469e-17 -2.901386775e-17 -4.669558837e-17 -3.529608457e-17 -2.09431294e-17 -1.065924336e-17 -4.728180358e-18 -1.77614624e-18 -4.974067188e-19 -3.344672843e-20 8.612426671e-20 8.542890523e-20 5.680701708e-20 3.115987196e-20 1.474571688e-20 5.965939036e-21 1.906688309e-21 3.121280893e-22 -1.693636079e-22 -2.272030996e-22 -1.65365712e-22 -9.567087477e-23 -4.727050629e-23 -2.002072301e-23 -6.863855141e-24 -1.439401156e-24 3.36628543e-25 6.504192482e-25 5.098880636e-25 3.070324302e-25 1.564746417e-25 6.838622767e-26 2.451167932e-26 5.815558337e-27 -6.21484975e-28 -1.970441732e-27 -1.644492039e-27 -1.02162921e-27 -5.329548364e-28 -2.383368126e-28 -8.811363452e-29 -2.253967128e-29 8.329055842e-31 6.239132595e-30 5.494592827e-30 3.500065303e-30 1.859490191e-30 8.462985771e-31 3.201246604e-31 8.618188565e-32 6.505898945e-34 -2.046297257e-32 -1.888457163e-32 -1.227950488e-32 -6.6200257e-33 -3.055045833e-33 -1.176197011e-33
